6 2 4 6
5 3 4 6 4 9
1 2        
1 2 3
1 3 4
2 3 5
4 5 6

44 15 236 11
3 9 3 3 5 3 6 9 3 5 3 7 3 7 3 6 3 7 7 5 7 3 3 4 3 3 3 7 3 7 5 9 3 7 7 3 3 3 3 7 3 8 3 3
4 23 26 39 44 30 27 19 42 20 17 40 21 33 43
40 30 7 14 41 22 12 39 37
2 7 10 35 7 11 17 20 16
2 23 37 18 7 3 28 30 36
42 32 14 34 31 14 28 33 36
28 19 15 36 21 3 44 7 32
2 19 11 41 31 22 13 43 14
3 23 8 15 9 8 22 17 29
2 38 10 42 5 31 24 42 32
37 9 11 37 38 10 43 17 5
3 22 35 3 13 8 14 40 16
35 19 11 6 44 29 9 39 36
40 17 5 40 25 14 15 43 1
9 42 3 29 23 36 7 16 22
20 5 14 9 19 18 22 34 38
31 43 38 27 17 5 15 44 35
31 25 9 30 19 24 39 21 32
37 1 11 22 42 29 35 5 11 
18 32 15 42 7 32 2 32 10
9 6 3 43 33 24 25 22 38
3 30 15 8 44 2 32 22 38
1 7 35 32 43 16 5 31 22
1 29 35 26 43 7 12 7 10
3 7 15 20 4 24 14 5 16
25 17 14 29 5 36 37 30 11
30 42 5 14 16 38 35 21 2
1 23 12 41 5 38 38 31 18
6 21 18 29 20 15 21 30 24
41 32 29 21 40 5 36 38 15
34 25 41 17 19 24 7 24 5
13 7 34 43 34 22 9 23 36
6 42 29 42 43 34 8 7 35
9 44 3 1 17 12 1 5 8
12 33 10 1 32 2 7 19 25
22 31 18 38 27 29 38 32 36
15 29 2 6 17 29 35 27 2
19 24 32 17 42 13 14 13 22
14 33 38 20 44 24 40 32 14
28 42 3 32 25 6 29 33 36
8 21 35 33 24 5 28 26 15
17 34 16 33 17 14 34 32 14
1 38 35 1 41 8 42 40 34
43 21 7 38 44 36 36 4 3
37 19 11 18 20 15 22 4 29
19 42 24 35 31 12 6 16 18
37 26 10 16 13 41 29 30 36
28 16 36 33 6 22 34 6 38
12 44 10 1 20 8 12 5 10
27 19 24 36 7 3 3 6 1 33
7 38 19 25 5 21 7 16 18
33 36 9 24 29 16 43 38 24
17 5 13 17 32 31 33 38 30
17 5 8 42 37 8 4 35 6
32 22 35 43 11 31 14 9 8 32 35 34 5 16 44 33 24 9 13 28 38 21 18 30 25 5 6 13 18 26 40 24 37 44 10 8 23 12 13 21 22 3 32 35 40 13 5 34 7 16 35 6 2 28 44 15 19 40 24 33 5 38 3 4 35 26 23 24 22 44 29 40 43 6 12 42 10 29 34 28 35 28 2 35 22 10 18 43 1 38 7 29 29 25 36 6 43 29 29 17 3 10 7 11 2 24 10 38 42 18 12 9 11 35 33 11 25 13 38 43 7 14 41 24 9 34 40 14 6 31 38 1 25 35 28 43 36 32 24 5 37 29 10 36 27 35 1 26 8 1 21 8 36 44 15 2 16 11 25 16 6 7 32 25 31 40 14 3 38 8 8 16 35 3 20 8 27 21 31 22 7 29 31 32 16 15 21 35 13 5 38 12 19 11 32 13 31 6 20 29 5 16 22 9 27 18 18 14 15 15 34 1 1 43 12 25 5 31 21 31 22 35 9 37 15 38 12 34 20 16 30 43 24 12 38 10 16 24 22 